%YAML:1.0
---
board_width: 8
board_height: 6
squareSize_mm: 30.
pxPerMm: 5.
H_img_to_plane_mm: !!opencv-matrix
   rows: 3
   cols: 3
   dt: d
   data: [ 0.32887953779093271, 0.013468977886136725,
       -202.20116190079818, 0.00031422923091976586, 0.34243477619809887,
       -114.17780661515816, 1.2388643640722812e-05,
       0.00013165915309816997, 1. ]
H_img_to_plane_px: !!opencv-matrix
   rows: 3
   cols: 3
   dt: d
   data: [ 1.6443976889454373, 0.067344889428639518, -1011.0058094970136,
       0.0015711461532277879, 1.7121738809817266, -570.88903307149212,
       1.2388643637612612e-05, 0.0001316591530945805, 1. ]
H_img_to_plane_px_padded: !!opencv-matrix
   rows: 3
   cols: 3
   dt: d
   data: [ 1.6450171211273179, 0.073927847083368539, -961.00580949701362,
       0.0021905783351084188, 1.7187568386364556, -520.88903307149212,
       1.2388643637612612e-05, 0.0001316591530945805, 1. ]
pad_px: 50
