%YAML:1.0
---
mmPerPx: 0.18867790190651321
realMm: 50.
samples: 5
method: median
mmPerPx_list:
   - 0.18794867566830267
   - 0.18896873921955518
   - 0.18867790190651321
   - 0.18745006878022283
   - 0.18867924528301888
