%YAML:1.0
---
mmPerPx: 0.19117253895710795
ref_mm: 50.
repeat_n: 5
samples:
   - 0.1891985871610416
   - 0.19010857159064884
   - 0.19271292955805641
   - 0.18908355841512123
   - 0.19475904806067171
