%YAML:1.0
---
mmPerPx: 0.21588961132054041
realMm: 50.
samples: 5
method: avg
mmPerPx_list:
   - 0.21825946742799318
   - 0.20865053489458876
   - 0.21797306751662224
   - 0.21724761525886008
   - 0.21731737150463776
